# 73
# 73 {12805: 277.0, 12294: 155.0, 12974: 198.0, 12812: 84.0, 13328: 158.5, 13144: 765.0, 12678: 169.0, 13858: 488.5, 11814: 179.0, 11819: 102.0, 11826: 657.5, 12855: 58.0, 11861: 127.0, 13403: 216.0, 11873: 267.0, 12387: 128.5, 13926: 337.0, 11880: 175.0, 12394: 195.0, 13643: 61.5, 12409: 78.0, 12924: 367.0, 12955: 91.0, 13790: 107.5, 11953: 152.0, 14025: 324.0, 11970: 131.5, 12484: 206.0, 13175: 63.0, 12507: 103.0, 14050: 110.0, 12519: 128.5, 14063: 103.5, 13545: 205.5, 14082: 55.5, 12035: 149.5, 12057: 83.0, 13512: 581.5, 12074: 342.5, 13874: 150.0, 12424: 54.5, 12843: 132.0, 13619: 207.0, 12103: 320.0, 13625: 1284.5, 12133: 145.0, 12143: 48.5, 13693: 463.0, 12165: 559.5, 13311: 198.0, 11659: 246.0, 13199: 294.0, 12188: 111.0, 12885: 51.5, 12707: 72.0, 11691: 115.0, 11697: 155.0, 12214: 73.5, 13752: 289.0, 13557: 408.0, 13246: 237.0, 13762: 197.0, 13765: 195.5, 11720: 265.0, 13769: 62.0, 12238: 108.0, 13273: 225.0, 11739: 123.5, 11740: 60.0, 12259: 443.0, 12547: 249.0, 12274: 172.5, 13304: 76.0}
#Interval: -4.250000 to -3.750000
#epsilon,scale_full,auroc_full_noise,acc_loss_full,scale_ens,auroc_ens_noise,acc_loss_ens
0.001000	6.269592	0.505863	0.974586	108.108108	0.530292	0.890205
0.001000	6.269592	0.523137	0.899712	108.108108	0.455851	1.160022
0.001000	6.269592	0.491786	1.035604	108.108108	0.493143	1.024852
0.001000	6.269592	0.507513	0.967434	108.108108	0.497244	1.009989
0.001000	6.269592	0.541356	0.820739	108.108108	0.490170	1.035631
0.001000	6.269592	0.507827	0.966071	108.108108	0.525534	0.907452
0.001000	6.269592	0.542188	0.817133	108.108108	0.518586	0.932633
0.001000	6.269592	0.487870	1.052577	108.108108	0.513277	0.951875
0.001000	6.269592	0.566053	0.713686	108.108108	0.474089	1.093918
0.001000	6.269592	0.577806	0.662742	108.108108	0.449156	1.184287
#epsilon,scale_full,auroc_full_noise,acc_loss_full,scale_ens,auroc_ens_noise,acc_loss_ens
0.005000	1.253918	0.613707	0.507126	21.621622	0.442641	1.207902
0.005000	1.253918	0.551812	0.775417	21.621622	0.542134	0.847280
0.005000	1.253918	0.598152	0.574552	21.621622	0.519432	0.929566
0.005000	1.253918	0.587167	0.622167	21.621622	0.512457	0.954849
0.005000	1.253918	0.632114	0.427339	21.621622	0.497506	1.009041
0.005000	1.253918	0.627901	0.445601	21.621622	0.502835	0.989724
0.005000	1.253918	0.610867	0.519439	21.621622	0.495719	1.015518
0.005000	1.253918	0.576879	0.666762	21.621622	0.564025	0.767936
0.005000	1.253918	0.611464	0.516849	21.621622	0.474374	1.092884
0.005000	1.253918	0.602239	0.556835	21.621622	0.498870	1.004097
#epsilon,scale_full,auroc_full_noise,acc_loss_full,scale_ens,auroc_ens_noise,acc_loss_ens
0.010000	0.626959	0.623357	0.465299	10.810811	0.551438	0.813561
0.010000	0.626959	0.630516	0.434266	10.810811	0.536288	0.868473
0.010000	0.626959	0.650352	0.348285	10.810811	0.521978	0.920338
0.010000	0.626959	0.666021	0.280369	10.810811	0.515781	0.942800
0.010000	0.626959	0.663779	0.290086	10.810811	0.536874	0.866348
0.010000	0.626959	0.667228	0.275137	10.810811	0.446753	1.192998
0.010000	0.626959	0.648585	0.355945	10.810811	0.523421	0.915110
0.010000	0.626959	0.646395	0.365437	10.810811	0.552945	0.808098
0.010000	0.626959	0.604833	0.545592	10.810811	0.548675	0.823572
0.010000	0.626959	0.596297	0.582592	10.810811	0.552044	0.811364
#epsilon,scale_full,auroc_full_noise,acc_loss_full,scale_ens,auroc_ens_noise,acc_loss_ens
0.050000	0.125392	0.715400	0.066329	2.162162	0.546058	0.833060
0.050000	0.125392	0.700795	0.129636	2.162162	0.585750	0.689191
0.050000	0.125392	0.705329	0.109982	2.162162	0.533930	0.877017
0.050000	0.125392	0.690530	0.174133	2.162162	0.562570	0.773210
0.050000	0.125392	0.722589	0.035170	2.162162	0.574226	0.730961
0.050000	0.125392	0.703302	0.118768	2.162162	0.576704	0.721979
0.050000	0.125392	0.704023	0.115642	2.162162	0.582951	0.699338
0.050000	0.125392	0.715594	0.065488	2.162162	0.561560	0.776871
0.050000	0.125392	0.729296	0.006097	2.162162	0.526450	0.904131
0.050000	0.125392	0.713563	0.074294	2.162162	0.559693	0.783639
#epsilon,scale_full,auroc_full_noise,acc_loss_full,scale_ens,auroc_ens_noise,acc_loss_ens
0.100000	0.062696	0.719540	0.048384	1.081081	0.549494	0.820604
0.100000	0.062696	0.736405	-0.024718	1.081081	0.619378	0.567305
0.100000	0.062696	0.727276	0.014851	1.081081	0.574161	0.731196
0.100000	0.062696	0.715707	0.065000	1.081081	0.538877	0.859088
0.100000	0.062696	0.732760	-0.008919	1.081081	0.607451	0.610536
0.100000	0.062696	0.725968	0.020521	1.081081	0.575579	0.726056
0.100000	0.062696	0.728808	0.008210	1.081081	0.620399	0.563604
0.100000	0.062696	0.735464	-0.020640	1.081081	0.564283	0.767001
0.100000	0.062696	0.725939	0.020648	1.081081	0.613080	0.590132
0.100000	0.062696	0.718015	0.054995	1.081081	0.569299	0.748819
#epsilon,scale_full,auroc_full_noise,acc_loss_full,scale_ens,auroc_ens_noise,acc_loss_ens
0.500000	0.012539	0.730091	0.002651	0.216216	0.702467	0.266141
0.500000	0.012539	0.731726	-0.004437	0.216216	0.754596	0.077196
0.500000	0.012539	0.729336	0.005922	0.216216	0.724002	0.188086
0.500000	0.012539	0.731268	-0.002452	0.216216	0.740766	0.127324
0.500000	0.012539	0.729489	0.005261	0.216216	0.757712	0.065901
0.500000	0.012539	0.730739	-0.000158	0.216216	0.745843	0.108921
0.500000	0.012539	0.730703	-0.000004	0.216216	0.741727	0.123841
0.500000	0.012539	0.730686	0.000069	0.216216	0.739570	0.131661
0.500000	0.012539	0.729293	0.006109	0.216216	0.722665	0.192933
0.500000	0.012539	0.727330	0.014617	0.216216	0.741165	0.125879
#epsilon,scale_full,auroc_full_noise,acc_loss_full,scale_ens,auroc_ens_noise,acc_loss_ens
1.000000	0.006270	0.730624	0.000338	0.108108	0.760081	0.057317
1.000000	0.006270	0.730132	0.002472	0.108108	0.758794	0.061981
1.000000	0.006270	0.731044	-0.001480	0.108108	0.757067	0.068239
1.000000	0.006270	0.730454	0.001079	0.108108	0.755809	0.072801
1.000000	0.006270	0.730464	0.001031	0.108108	0.751082	0.089933
1.000000	0.006270	0.730935	-0.001009	0.108108	0.763415	0.045231
1.000000	0.006270	0.730738	-0.000155	0.108108	0.781429	-0.020060
1.000000	0.006270	0.730086	0.002671	0.108108	0.766652	0.033500
1.000000	0.006270	0.731928	-0.005313	0.108108	0.764828	0.040109
1.000000	0.006270	0.730401	0.001307	0.108108	0.757702	0.065938
#epsilon,scale_full,auroc_full_noise,acc_loss_full,scale_ens,auroc_ens_noise,acc_loss_ens
5.000000	0.001254	0.730705	-0.000014	0.021622	0.773455	0.008839
5.000000	0.001254	0.730618	0.000365	0.021622	0.774347	0.005606
5.000000	0.001254	0.730684	0.000080	0.021622	0.772208	0.013359
5.000000	0.001254	0.730712	-0.000042	0.021622	0.774632	0.004574
5.000000	0.001254	0.730804	-0.000442	0.021622	0.775373	0.001890
5.000000	0.001254	0.730613	0.000386	0.021622	0.775272	0.002254
5.000000	0.001254	0.730671	0.000135	0.021622	0.778624	-0.009895
5.000000	0.001254	0.730820	-0.000511	0.021622	0.773164	0.009894
5.000000	0.001254	0.730700	0.000011	0.021622	0.774960	0.003385
5.000000	0.001254	0.730742	-0.000172	0.021622	0.776883	-0.003583
#epsilon,scale_full,auroc_full_noise,acc_loss_full,scale_ens,auroc_ens_noise,acc_loss_ens
10.000000	0.000627	0.730681	0.000094	0.010811	0.776547	-0.002367
10.000000	0.000627	0.730713	-0.000047	0.010811	0.775476	0.001514
10.000000	0.000627	0.730730	-0.000121	0.010811	0.775470	0.001537
10.000000	0.000627	0.730654	0.000212	0.010811	0.774894	0.003624
10.000000	0.000627	0.730710	-0.000035	0.010811	0.775429	0.001684
10.000000	0.000627	0.730779	-0.000331	0.010811	0.773705	0.007935
10.000000	0.000627	0.730705	-0.000011	0.010811	0.776724	-0.003007
10.000000	0.000627	0.730720	-0.000076	0.010811	0.775736	0.000571
10.000000	0.000627	0.730688	0.000062	0.010811	0.775478	0.001510
10.000000	0.000627	0.730681	0.000093	0.010811	0.776459	-0.002048
#epsilon,scale_full,auroc_full_noise,acc_loss_full,scale_ens,auroc_ens_noise,acc_loss_ens
50.000000	0.000125	0.730713	-0.000046	0.002162	0.775933	-0.000140
50.000000	0.000125	0.730679	0.000101	0.002162	0.776360	-0.001688
50.000000	0.000125	0.730681	0.000092	0.002162	0.776137	-0.000880
50.000000	0.000125	0.730708	-0.000024	0.002162	0.775819	0.000273
50.000000	0.000125	0.730701	0.000004	0.002162	0.775978	-0.000304
50.000000	0.000125	0.730681	0.000094	0.002162	0.776058	-0.000593
50.000000	0.000125	0.730700	0.000011	0.002162	0.775376	0.001877
50.000000	0.000125	0.730674	0.000121	0.002162	0.775701	0.000700
50.000000	0.000125	0.730691	0.000051	0.002162	0.775931	-0.000135
50.000000	0.000125	0.730686	0.000069	0.002162	0.775821	0.000265
#epsilon,scale_full,auroc_full_noise,acc_loss_full,scale_ens,auroc_ens_noise,acc_loss_ens
100.000000	0.000063	0.730695	0.000032	0.001081	0.776027	-0.000482
100.000000	0.000063	0.730688	0.000061	0.001081	0.775928	-0.000121
100.000000	0.000063	0.730706	-0.000016	0.001081	0.775827	0.000243
100.000000	0.000063	0.730699	0.000015	0.001081	0.776000	-0.000385
100.000000	0.000063	0.730699	0.000015	0.001081	0.775864	0.000110
100.000000	0.000063	0.730706	-0.000014	0.001081	0.775770	0.000451
100.000000	0.000063	0.730697	0.000022	0.001081	0.775850	0.000159
100.000000	0.000063	0.730708	-0.000023	0.001081	0.775898	-0.000014
100.000000	0.000063	0.730682	0.000087	0.001081	0.776212	-0.001154
100.000000	0.000063	0.730706	-0.000014	0.001081	0.775899	-0.000017
#epsilon,scale_full,auroc_full_noise,acc_loss_full,scale_ens,auroc_ens_noise,acc_loss_ens
500.000000	0.000013	0.730699	0.000014	0.000216	0.775908	-0.000051
500.000000	0.000013	0.730700	0.000009	0.000216	0.775977	-0.000302
500.000000	0.000013	0.730705	-0.000010	0.000216	0.775825	0.000251
500.000000	0.000013	0.730700	0.000010	0.000216	0.775947	-0.000193
500.000000	0.000013	0.730701	0.000008	0.000216	0.775862	0.000115
500.000000	0.000013	0.730699	0.000013	0.000216	0.775765	0.000468
500.000000	0.000013	0.730701	0.000004	0.000216	0.775994	-0.000362
500.000000	0.000013	0.730702	0.000002	0.000216	0.775813	0.000295
500.000000	0.000013	0.730700	0.000010	0.000216	0.775725	0.000614
500.000000	0.000013	0.730702	0.000004	0.000216	0.775952	-0.000209
#epsilon,scale_full,auroc_full_noise,acc_loss_full,scale_ens,auroc_ens_noise,acc_loss_ens
1000.000000	0.000006	0.730702	0.000002	0.000108	0.775896	-0.000006
1000.000000	0.000006	0.730703	-0.000005	0.000108	0.775885	0.000033
1000.000000	0.000006	0.730703	-0.000003	0.000108	0.775911	-0.000060
1000.000000	0.000006	0.730701	0.000004	0.000108	0.775858	0.000132
1000.000000	0.000006	0.730702	-0.000001	0.000108	0.775918	-0.000087
1000.000000	0.000006	0.730701	0.000006	0.000108	0.775894	-0.000000
1000.000000	0.000006	0.730701	0.000005	0.000108	0.775848	0.000167
1000.000000	0.000006	0.730702	-0.000001	0.000108	0.775887	0.000027
1000.000000	0.000006	0.730701	0.000005	0.000108	0.775904	-0.000038
1000.000000	0.000006	0.730702	0.000002	0.000108	0.775879	0.000056
#Interval: -8.250000 to -7.750000
#epsilon,scale_full,auroc_full_noise,acc_loss_full,scale_ens,auroc_ens_noise,acc_loss_ens
0.001000	6.269592	0.497675	1.010775	108.108108	0.506743	0.971790
0.001000	6.269592	0.537647	0.825493	108.108108	0.459460	1.169597
0.001000	6.269592	0.564806	0.699606	108.108108	0.536340	0.847975
0.001000	6.269592	0.530237	0.859844	108.108108	0.496472	1.014760
0.001000	6.269592	0.533393	0.845214	108.108108	0.487257	1.053309
0.001000	6.269592	0.614176	0.470759	108.108108	0.461488	1.161110
0.001000	6.269592	0.492092	1.036655	108.108108	0.463597	1.152288
0.001000	6.269592	0.494776	1.024213	108.108108	0.471347	1.119867
0.001000	6.269592	0.498139	1.008626	108.108108	0.526093	0.890840
0.001000	6.269592	0.528874	0.866159	108.108108	0.552952	0.778478
#epsilon,scale_full,auroc_full_noise,acc_loss_full,scale_ens,auroc_ens_noise,acc_loss_ens
0.005000	1.253918	0.616301	0.460909	21.621622	0.522047	0.907767
0.005000	1.253918	0.592222	0.572523	21.621622	0.433996	1.276125
0.005000	1.253918	0.583679	0.612125	21.621622	0.424927	1.314063
0.005000	1.253918	0.591286	0.576861	21.621622	0.500327	0.998633
0.005000	1.253918	0.600923	0.532194	21.621622	0.517495	0.926811
0.005000	1.253918	0.574273	0.655721	21.621622	0.540470	0.830697
0.005000	1.253918	0.595787	0.555997	21.621622	0.459023	1.171422
0.005000	1.253918	0.603154	0.521851	21.621622	0.498924	1.004503
0.005000	1.253918	0.590888	0.578707	21.621622	0.489724	1.042988
0.005000	1.253918	0.606937	0.504316	21.621622	0.497517	1.010388
#epsilon,scale_full,auroc_full_noise,acc_loss_full,scale_ens,auroc_ens_noise,acc_loss_ens
0.010000	0.626959	0.623324	0.428355	10.810811	0.531894	0.866575
0.010000	0.626959	0.583170	0.614483	10.810811	0.569916	0.707510
0.010000	0.626959	0.631764	0.389235	10.810811	0.531465	0.868369
0.010000	0.626959	0.628105	0.406195	10.810811	0.511744	0.950871
0.010000	0.626959	0.637012	0.364907	10.810811	0.554494	0.772030
0.010000	0.626959	0.663679	0.241301	10.810811	0.537743	0.842106
0.010000	0.626959	0.586009	0.601321	10.810811	0.525840	0.891901
0.010000	0.626959	0.652357	0.293780	10.810811	0.532969	0.862076
0.010000	0.626959	0.612437	0.478820	10.810811	0.448536	1.215296
0.010000	0.626959	0.625992	0.415989	10.810811	0.491032	1.037515
#epsilon,scale_full,auroc_full_noise,acc_loss_full,scale_ens,auroc_ens_noise,acc_loss_ens
0.050000	0.125392	0.672858	0.198753	2.162162	0.554259	0.773011
0.050000	0.125392	0.698628	0.079299	2.162162	0.495120	1.020416
0.050000	0.125392	0.684070	0.146781	2.162162	0.568866	0.711903
0.050000	0.125392	0.693692	0.102179	2.162162	0.499294	1.002953
0.050000	0.125392	0.697019	0.086760	2.162162	0.549411	0.793295
0.050000	0.125392	0.711288	0.020620	2.162162	0.571143	0.702380
0.050000	0.125392	0.708308	0.034432	2.162162	0.607080	0.552038
0.050000	0.125392	0.675914	0.184585	2.162162	0.574530	0.688210
0.050000	0.125392	0.695186	0.095258	2.162162	0.572682	0.695941
0.050000	0.125392	0.682784	0.152742	2.162162	0.548837	0.795695
#epsilon,scale_full,auroc_full_noise,acc_loss_full,scale_ens,auroc_ens_noise,acc_loss_ens
0.100000	0.062696	0.722241	-0.030154	1.081081	0.589059	0.627430
0.100000	0.062696	0.715697	0.000180	1.081081	0.595156	0.601921
0.100000	0.062696	0.702761	0.060141	1.081081	0.589701	0.624743
0.100000	0.062696	0.713920	0.008417	1.081081	0.577201	0.677037
0.100000	0.062696	0.710193	0.025693	1.081081	0.583446	0.650909
0.100000	0.062696	0.710435	0.024573	1.081081	0.614117	0.522602
0.100000	0.062696	0.707037	0.040323	1.081081	0.602840	0.569777
0.100000	0.062696	0.705917	0.045514	1.081081	0.566372	0.722336
0.100000	0.062696	0.720176	-0.020578	1.081081	0.642878	0.402279
0.100000	0.062696	0.712173	0.016516	1.081081	0.547268	0.802259
#epsilon,scale_full,auroc_full_noise,acc_loss_full,scale_ens,auroc_ens_noise,acc_loss_ens
0.500000	0.012539	0.714825	0.004225	0.216216	0.715538	0.098314
0.500000	0.012539	0.714801	0.004334	0.216216	0.682223	0.237682
0.500000	0.012539	0.715374	0.001679	0.216216	0.677441	0.257691
0.500000	0.012539	0.715513	0.001035	0.216216	0.675038	0.267744
0.500000	0.012539	0.712702	0.014066	0.216216	0.734680	0.018234
0.500000	0.012539	0.716182	-0.002068	0.216216	0.730539	0.035559
0.500000	0.012539	0.715981	-0.001135	0.216216	0.688901	0.209747
0.500000	0.012539	0.716304	-0.002632	0.216216	0.697636	0.173206
0.500000	0.012539	0.713795	0.008998	0.216216	0.745935	-0.028851
0.500000	0.012539	0.714951	0.003638	0.216216	0.701694	0.156226
#epsilon,scale_full,auroc_full_noise,acc_loss_full,scale_ens,auroc_ens_noise,acc_loss_ens
1.000000	0.006270	0.716026	-0.001344	0.108108	0.718084	0.087660
1.000000	0.006270	0.714956	0.003617	0.108108	0.737059	0.008280
1.000000	0.006270	0.714739	0.004621	0.108108	0.727422	0.048597
1.000000	0.006270	0.715573	0.000754	0.108108	0.739330	-0.001217
1.000000	0.006270	0.715311	0.001970	0.108108	0.732952	0.025463
1.000000	0.006270	0.715867	-0.000607	0.108108	0.734177	0.020340
1.000000	0.006270	0.715599	0.000634	0.108108	0.731546	0.031345
1.000000	0.006270	0.715618	0.000547	0.108108	0.731336	0.032224
1.000000	0.006270	0.714863	0.004049	0.108108	0.715974	0.096490
1.000000	0.006270	0.715064	0.003114	0.108108	0.737860	0.004930
#epsilon,scale_full,auroc_full_noise,acc_loss_full,scale_ens,auroc_ens_noise,acc_loss_ens
5.000000	0.001254	0.715965	-0.001059	0.021622	0.746534	-0.031358
5.000000	0.001254	0.715522	0.000991	0.021622	0.738841	0.000826
5.000000	0.001254	0.715726	0.000045	0.021622	0.740437	-0.005849
5.000000	0.001254	0.715932	-0.000909	0.021622	0.737421	0.006769
5.000000	0.001254	0.715503	0.001082	0.021622	0.739294	-0.001067
5.000000	0.001254	0.715604	0.000613	0.021622	0.740838	-0.007528
5.000000	0.001254	0.715914	-0.000824	0.021622	0.738572	0.001951
5.000000	0.001254	0.715496	0.001113	0.021622	0.741279	-0.009373
5.000000	0.001254	0.715463	0.001265	0.021622	0.738545	0.002066
5.000000	0.001254	0.715566	0.000790	0.021622	0.736370	0.011166
#epsilon,scale_full,auroc_full_noise,acc_loss_full,scale_ens,auroc_ens_noise,acc_loss_ens
10.000000	0.000627	0.715660	0.000351	0.010811	0.736733	0.009646
10.000000	0.000627	0.715716	0.000092	0.010811	0.737762	0.005342
10.000000	0.000627	0.715827	-0.000423	0.010811	0.737683	0.005670
10.000000	0.000627	0.715691	0.000210	0.010811	0.737887	0.004819
10.000000	0.000627	0.715696	0.000185	0.010811	0.738789	0.001044
10.000000	0.000627	0.715742	-0.000028	0.010811	0.738239	0.003347
10.000000	0.000627	0.715687	0.000226	0.010811	0.737854	0.004955
10.000000	0.000627	0.715677	0.000272	0.010811	0.740423	-0.005792
10.000000	0.000627	0.715681	0.000255	0.010811	0.738454	0.002445
10.000000	0.000627	0.715694	0.000193	0.010811	0.737880	0.004847
#epsilon,scale_full,auroc_full_noise,acc_loss_full,scale_ens,auroc_ens_noise,acc_loss_ens
50.000000	0.000125	0.715711	0.000115	0.002162	0.738665	0.001564
50.000000	0.000125	0.715744	-0.000038	0.002162	0.738876	0.000682
50.000000	0.000125	0.715736	0.000002	0.002162	0.739021	0.000074
50.000000	0.000125	0.715735	0.000006	0.002162	0.739210	-0.000719
50.000000	0.000125	0.715683	0.000246	0.002162	0.738172	0.003625
50.000000	0.000125	0.715711	0.000118	0.002162	0.738851	0.000786
50.000000	0.000125	0.715731	0.000023	0.002162	0.738857	0.000762
50.000000	0.000125	0.715750	-0.000067	0.002162	0.738732	0.001281
50.000000	0.000125	0.715705	0.000144	0.002162	0.739061	-0.000093
50.000000	0.000125	0.715726	0.000048	0.002162	0.738581	0.001914
#epsilon,scale_full,auroc_full_noise,acc_loss_full,scale_ens,auroc_ens_noise,acc_loss_ens
100.000000	0.000063	0.715743	-0.000033	0.001081	0.739468	-0.001797
100.000000	0.000063	0.715726	0.000047	0.001081	0.739055	-0.000071
100.000000	0.000063	0.715727	0.000044	0.001081	0.738807	0.000969
100.000000	0.000063	0.715721	0.000072	0.001081	0.738923	0.000482
100.000000	0.000063	0.715731	0.000023	0.001081	0.738639	0.001671
100.000000	0.000063	0.715730	0.000028	0.001081	0.738871	0.000700
100.000000	0.000063	0.715739	-0.000015	0.001081	0.739101	-0.000262
100.000000	0.000063	0.715724	0.000054	0.001081	0.738726	0.001309
100.000000	0.000063	0.715733	0.000012	0.001081	0.738960	0.000330
100.000000	0.000063	0.715746	-0.000045	0.001081	0.738812	0.000948
#epsilon,scale_full,auroc_full_noise,acc_loss_full,scale_ens,auroc_ens_noise,acc_loss_ens
500.000000	0.000013	0.715735	0.000004	0.000216	0.739096	-0.000241
500.000000	0.000013	0.715736	0.000002	0.000216	0.739051	-0.000051
500.000000	0.000013	0.715737	-0.000005	0.000216	0.739004	0.000146
500.000000	0.000013	0.715734	0.000010	0.000216	0.738925	0.000473
500.000000	0.000013	0.715736	-0.000000	0.000216	0.739000	0.000162
500.000000	0.000013	0.715736	-0.000002	0.000216	0.738983	0.000234
500.000000	0.000013	0.715736	0.000002	0.000216	0.739018	0.000084
500.000000	0.000013	0.715736	0.000001	0.000216	0.738761	0.001161
500.000000	0.000013	0.715736	0.000002	0.000216	0.738997	0.000173
500.000000	0.000013	0.715736	-0.000000	0.000216	0.739047	-0.000037
#epsilon,scale_full,auroc_full_noise,acc_loss_full,scale_ens,auroc_ens_noise,acc_loss_ens
1000.000000	0.000006	0.715735	0.000003	0.000108	0.739043	-0.000017
1000.000000	0.000006	0.715736	0.000002	0.000108	0.739016	0.000093
1000.000000	0.000006	0.715735	0.000007	0.000108	0.738913	0.000527
1000.000000	0.000006	0.715734	0.000011	0.000108	0.738910	0.000537
1000.000000	0.000006	0.715737	-0.000002	0.000108	0.738994	0.000189
1000.000000	0.000006	0.715736	-0.000001	0.000108	0.739090	-0.000215
1000.000000	0.000006	0.715736	-0.000002	0.000108	0.739064	-0.000106
1000.000000	0.000006	0.715735	0.000006	0.000108	0.738934	0.000438
1000.000000	0.000006	0.715735	0.000007	0.000108	0.739121	-0.000345
1000.000000	0.000006	0.715736	0.000002	0.000108	0.739053	-0.000062
#Interval: -12.250000 to -11.750000
#epsilon,scale_full,auroc_full_noise,acc_loss_full,scale_ens,auroc_ens_noise,acc_loss_ens
0.001000	6.269592	0.489217	1.053329	108.108108	0.569423	0.673807
0.001000	6.269592	0.474619	1.125519	108.108108	0.542479	0.800407
0.001000	6.269592	0.520726	0.897500	108.108108	0.515566	0.926863
0.001000	6.269592	0.547148	0.766836	108.108108	0.455435	1.209394
0.001000	6.269592	0.566292	0.672160	108.108108	0.452012	1.225476
0.001000	6.269592	0.469365	1.151504	108.108108	0.505808	0.972711
0.001000	6.269592	0.525156	0.875593	108.108108	0.560522	0.715631
0.001000	6.269592	0.544894	0.777983	108.108108	0.486513	1.063373
0.001000	6.269592	0.519712	0.902518	108.108108	0.527789	0.869432
0.001000	6.269592	0.557873	0.713793	108.108108	0.537534	0.823641
#epsilon,scale_full,auroc_full_noise,acc_loss_full,scale_ens,auroc_ens_noise,acc_loss_ens
0.005000	1.253918	0.594058	0.534842	21.621622	0.516469	0.922619
0.005000	1.253918	0.556074	0.722689	21.621622	0.455347	1.209808
0.005000	1.253918	0.628202	0.365990	21.621622	0.543442	0.795883
0.005000	1.253918	0.558983	0.708304	21.621622	0.482488	1.082281
0.005000	1.253918	0.560322	0.701683	21.621622	0.517630	0.917162
0.005000	1.253918	0.581026	0.599294	21.621622	0.518406	0.913518
0.005000	1.253918	0.618795	0.412509	21.621622	0.587384	0.589412
0.005000	1.253918	0.590648	0.551709	21.621622	0.507256	0.965909
0.005000	1.253918	0.595325	0.528581	21.621622	0.500045	0.999789
0.005000	1.253918	0.523179	0.885372	21.621622	0.451932	1.225856
#epsilon,scale_full,auroc_full_noise,acc_loss_full,scale_ens,auroc_ens_noise,acc_loss_ens
0.010000	0.626959	0.612040	0.445918	10.810811	0.486629	1.062827
0.010000	0.626959	0.608420	0.463818	10.810811	0.455742	1.207954
0.010000	0.626959	0.587840	0.565593	10.810811	0.477671	1.104916
0.010000	0.626959	0.643102	0.292303	10.810811	0.493029	1.032754
0.010000	0.626959	0.584277	0.583216	10.810811	0.548861	0.770422
0.010000	0.626959	0.606997	0.470858	10.810811	0.519924	0.906385
0.010000	0.626959	0.605363	0.478939	10.810811	0.493569	1.030216
0.010000	0.626959	0.615375	0.429425	10.810811	0.541495	0.805028
0.010000	0.626959	0.617234	0.420228	10.810811	0.511086	0.947910
0.010000	0.626959	0.621904	0.397137	10.810811	0.507034	0.966950
#epsilon,scale_full,auroc_full_noise,acc_loss_full,scale_ens,auroc_ens_noise,acc_loss_ens
0.050000	0.125392	0.684221	0.088950	2.162162	0.525028	0.882400
0.050000	0.125392	0.684500	0.087573	2.162162	0.587193	0.590314
0.050000	0.125392	0.684801	0.086085	2.162162	0.553903	0.746728
0.050000	0.125392	0.693916	0.041005	2.162162	0.569109	0.675282
0.050000	0.125392	0.678832	0.115604	2.162162	0.551429	0.758353
0.050000	0.125392	0.683660	0.091728	2.162162	0.511564	0.945664
0.050000	0.125392	0.688333	0.068617	2.162162	0.535906	0.831288
0.050000	0.125392	0.686813	0.076134	2.162162	0.537444	0.824062
0.050000	0.125392	0.684849	0.085844	2.162162	0.538710	0.818114
0.050000	0.125392	0.685108	0.084566	2.162162	0.524844	0.883265
#epsilon,scale_full,auroc_full_noise,acc_loss_full,scale_ens,auroc_ens_noise,acc_loss_ens
0.100000	0.062696	0.687706	0.071716	1.081081	0.587574	0.588521
0.100000	0.062696	0.686761	0.076393	1.081081	0.575130	0.646991
0.100000	0.062696	0.697525	0.023158	1.081081	0.571987	0.661757
0.100000	0.062696	0.688959	0.065518	1.081081	0.604979	0.506742
0.100000	0.062696	0.691310	0.053896	1.081081	0.569875	0.671682
0.100000	0.062696	0.691846	0.051245	1.081081	0.549008	0.769730
0.100000	0.062696	0.697704	0.022275	1.081081	0.639915	0.342589
0.100000	0.062696	0.696109	0.030160	1.081081	0.554809	0.742470
0.100000	0.062696	0.697126	0.025133	1.081081	0.603963	0.511516
0.100000	0.062696	0.691901	0.050973	1.081081	0.570379	0.669313
#epsilon,scale_full,auroc_full_noise,acc_loss_full,scale_ens,auroc_ens_noise,acc_loss_ens
0.500000	0.012539	0.699640	0.012700	0.216216	0.707851	0.023383
0.500000	0.012539	0.702995	-0.003891	0.216216	0.672449	0.189722
0.500000	0.012539	0.700994	0.006002	0.216216	0.684866	0.131382
0.500000	0.012539	0.702850	-0.003178	0.216216	0.686908	0.121789
0.500000	0.012539	0.700445	0.008716	0.216216	0.684618	0.132548
0.500000	0.012539	0.699508	0.013353	0.216216	0.658673	0.254452
0.500000	0.012539	0.702584	-0.001861	0.216216	0.705306	0.035340
0.500000	0.012539	0.698762	0.017040	0.216216	0.688903	0.112412
0.500000	0.012539	0.700304	0.009413	0.216216	0.658105	0.257124
0.500000	0.012539	0.699917	0.011328	0.216216	0.691324	0.101035
#epsilon,scale_full,auroc_full_noise,acc_loss_full,scale_ens,auroc_ens_noise,acc_loss_ens
1.000000	0.006270	0.700230	0.009782	0.108108	0.713499	-0.003157
1.000000	0.006270	0.702834	-0.003095	0.108108	0.689264	0.110719
1.000000	0.006270	0.701249	0.004743	0.108108	0.699345	0.063349
1.000000	0.006270	0.700746	0.007229	0.108108	0.684042	0.135253
1.000000	0.006270	0.703057	-0.004202	0.108108	0.711139	0.007933
1.000000	0.006270	0.701521	0.003395	0.108108	0.704283	0.040150
1.000000	0.006270	0.701003	0.005960	0.108108	0.697699	0.071084
1.000000	0.006270	0.703226	-0.005034	0.108108	0.712154	0.003166
1.000000	0.006270	0.701714	0.002444	0.108108	0.703537	0.043653
1.000000	0.006270	0.702946	-0.003653	0.108108	0.708548	0.020109
#epsilon,scale_full,auroc_full_noise,acc_loss_full,scale_ens,auroc_ens_noise,acc_loss_ens
5.000000	0.001254	0.702114	0.000464	0.021622	0.712113	0.003357
5.000000	0.001254	0.702027	0.000895	0.021622	0.714938	-0.009917
5.000000	0.001254	0.702065	0.000705	0.021622	0.714005	-0.005533
5.000000	0.001254	0.702177	0.000150	0.021622	0.716992	-0.019567
5.000000	0.001254	0.701885	0.001597	0.021622	0.714750	-0.009034
5.000000	0.001254	0.702135	0.000359	0.021622	0.706422	0.030099
5.000000	0.001254	0.702286	-0.000387	0.021622	0.709247	0.016825
5.000000	0.001254	0.702126	0.000405	0.021622	0.710011	0.013232
5.000000	0.001254	0.702453	-0.001210	0.021622	0.709640	0.014977
5.000000	0.001254	0.702151	0.000279	0.021622	0.709185	0.017117
#epsilon,scale_full,auroc_full_noise,acc_loss_full,scale_ens,auroc_ens_noise,acc_loss_ens
10.000000	0.000627	0.702146	0.000303	0.010811	0.711858	0.004557
10.000000	0.000627	0.702451	-0.001202	0.010811	0.714059	-0.005785
10.000000	0.000627	0.702236	-0.000138	0.010811	0.710738	0.009819
10.000000	0.000627	0.702203	0.000022	0.010811	0.713633	-0.003783
10.000000	0.000627	0.702045	0.000806	0.010811	0.711615	0.005698
10.000000	0.000627	0.702097	0.000545	0.010811	0.713392	-0.002653
10.000000	0.000627	0.702132	0.000377	0.010811	0.712113	0.003357
10.000000	0.000627	0.702216	-0.000042	0.010811	0.713322	-0.002323
10.000000	0.000627	0.702240	-0.000158	0.010811	0.712489	0.001589
10.000000	0.000627	0.702187	0.000105	0.010811	0.712411	0.001959
#epsilon,scale_full,auroc_full_noise,acc_loss_full,scale_ens,auroc_ens_noise,acc_loss_ens
50.000000	0.000125	0.702168	0.000197	0.002162	0.712726	0.000477
50.000000	0.000125	0.702193	0.000074	0.002162	0.713348	-0.002447
50.000000	0.000125	0.702196	0.000056	0.002162	0.712748	0.000374
50.000000	0.000125	0.702164	0.000217	0.002162	0.712740	0.000410
50.000000	0.000125	0.702215	-0.000033	0.002162	0.713056	-0.001075
50.000000	0.000125	0.702225	-0.000086	0.002162	0.712845	-0.000084
50.000000	0.000125	0.702188	0.000099	0.002162	0.712929	-0.000478
50.000000	0.000125	0.702186	0.000109	0.002162	0.713277	-0.002113
50.000000	0.000125	0.702223	-0.000074	0.002162	0.713350	-0.002453
50.000000	0.000125	0.702200	0.000038	0.002162	0.713401	-0.002693
#epsilon,scale_full,auroc_full_noise,acc_loss_full,scale_ens,auroc_ens_noise,acc_loss_ens
100.000000	0.000063	0.702202	0.000031	0.001081	0.712939	-0.000523
100.000000	0.000063	0.702202	0.000029	0.001081	0.712981	-0.000719
100.000000	0.000063	0.702226	-0.000091	0.001081	0.712973	-0.000682
100.000000	0.000063	0.702210	-0.000013	0.001081	0.712976	-0.000697
100.000000	0.000063	0.702199	0.000046	0.001081	0.713000	-0.000811
100.000000	0.000063	0.702201	0.000034	0.001081	0.712907	-0.000372
100.000000	0.000063	0.702211	-0.000014	0.001081	0.713346	-0.002436
100.000000	0.000063	0.702192	0.000079	0.001081	0.712802	0.000121
100.000000	0.000063	0.702213	-0.000024	0.001081	0.712670	0.000740
100.000000	0.000063	0.702188	0.000097	0.001081	0.712965	-0.000648
#epsilon,scale_full,auroc_full_noise,acc_loss_full,scale_ens,auroc_ens_noise,acc_loss_ens
500.000000	0.000013	0.702208	-0.000003	0.000216	0.712950	-0.000576
500.000000	0.000013	0.702203	0.000023	0.000216	0.712816	0.000056
500.000000	0.000013	0.702206	0.000007	0.000216	0.712575	0.001188
500.000000	0.000013	0.702207	0.000003	0.000216	0.712796	0.000149
500.000000	0.000013	0.702208	0.000001	0.000216	0.712898	-0.000331
500.000000	0.000013	0.702207	0.000005	0.000216	0.712780	0.000225
500.000000	0.000013	0.702205	0.000013	0.000216	0.712838	-0.000048
500.000000	0.000013	0.702206	0.000008	0.000216	0.712810	0.000084
500.000000	0.000013	0.702206	0.000010	0.000216	0.712733	0.000444
500.000000	0.000013	0.702207	0.000003	0.000216	0.712837	-0.000044
#epsilon,scale_full,auroc_full_noise,acc_loss_full,scale_ens,auroc_ens_noise,acc_loss_ens
1000.000000	0.000006	0.702207	0.000003	0.000108	0.712929	-0.000476
1000.000000	0.000006	0.702209	-0.000005	0.000108	0.712934	-0.000501
1000.000000	0.000006	0.702208	-0.000001	0.000108	0.712881	-0.000249
1000.000000	0.000006	0.702207	0.000005	0.000108	0.712699	0.000604
1000.000000	0.000006	0.702206	0.000010	0.000108	0.712694	0.000627
1000.000000	0.000006	0.702206	0.000010	0.000108	0.712667	0.000756
1000.000000	0.000006	0.702207	0.000005	0.000108	0.712786	0.000194
1000.000000	0.000006	0.702206	0.000009	0.000108	0.712940	-0.000528
1000.000000	0.000006	0.702208	0.000000	0.000108	0.712908	-0.000380
1000.000000	0.000006	0.702206	0.000009	0.000108	0.712650	0.000833
#Interval: -12.250000 to -7.750000
#epsilon,scale_full,auroc_full_noise,acc_loss_full,scale_ens,auroc_ens_noise,acc_loss_ens
0.001000	6.269592	0.534513	0.835657	108.108108	0.486813	1.058284
0.001000	6.269592	0.524719	0.882292	108.108108	0.498769	1.005442
0.001000	6.269592	0.515697	0.925254	108.108108	0.504313	0.980937
0.001000	6.269592	0.524919	0.881343	108.108108	0.513820	0.938919
0.001000	6.269592	0.517561	0.916380	108.108108	0.502532	0.988808
0.001000	6.269592	0.524393	0.883845	108.108108	0.505078	0.977557
0.001000	6.269592	0.528756	0.863068	108.108108	0.493004	1.030918
0.001000	6.269592	0.512072	0.942517	108.108108	0.481947	1.079791
0.001000	6.269592	0.528465	0.864456	108.108108	0.511596	0.948750
0.001000	6.269592	0.502794	0.986695	108.108108	0.507145	0.968421
#epsilon,scale_full,auroc_full_noise,acc_loss_full,scale_ens,auroc_ens_noise,acc_loss_ens
0.005000	1.253918	0.598890	0.529106	21.621622	0.513518	0.940255
0.005000	1.253918	0.578620	0.625627	21.621622	0.523052	0.898116
0.005000	1.253918	0.580119	0.618493	21.621622	0.498457	1.006820
0.005000	1.253918	0.588744	0.577422	21.621622	0.512239	0.945906
0.005000	1.253918	0.579979	0.619157	21.621622	0.524933	0.889802
0.005000	1.253918	0.571045	0.661699	21.621622	0.493771	1.027532
0.005000	1.253918	0.573653	0.649281	21.621622	0.505252	0.976787
0.005000	1.253918	0.572166	0.656359	21.621622	0.488453	1.051036
0.005000	1.253918	0.581957	0.609737	21.621622	0.489997	1.044210
0.005000	1.253918	0.574223	0.646565	21.621622	0.496126	1.017121
#epsilon,scale_full,auroc_full_noise,acc_loss_full,scale_ens,auroc_ens_noise,acc_loss_ens
0.010000	0.626959	0.623324	0.412759	10.810811	0.506527	0.971152
0.010000	0.626959	0.631745	0.372662	10.810811	0.509940	0.956069
0.010000	0.626959	0.604883	0.500571	10.810811	0.494854	1.022744
0.010000	0.626959	0.623007	0.414267	10.810811	0.494805	1.022959
0.010000	0.626959	0.628255	0.389280	10.810811	0.508385	0.962942
0.010000	0.626959	0.615362	0.450670	10.810811	0.516707	0.926161
0.010000	0.626959	0.621580	0.421064	10.810811	0.497768	1.009864
0.010000	0.626959	0.630635	0.377946	10.810811	0.513687	0.939509
0.010000	0.626959	0.616305	0.446180	10.810811	0.512347	0.945431
0.010000	0.626959	0.632250	0.370254	10.810811	0.502981	0.986825
#epsilon,scale_full,auroc_full_noise,acc_loss_full,scale_ens,auroc_ens_noise,acc_loss_ens
0.050000	0.125392	0.688591	0.101973	2.162162	0.550651	0.776135
0.050000	0.125392	0.696297	0.065277	2.162162	0.535631	0.842519
0.050000	0.125392	0.692061	0.085450	2.162162	0.551245	0.773509
0.050000	0.125392	0.693428	0.078938	2.162162	0.535887	0.841387
0.050000	0.125392	0.685636	0.116041	2.162162	0.552219	0.769205
0.050000	0.125392	0.688498	0.102415	2.162162	0.545064	0.800827
0.050000	0.125392	0.692968	0.081129	2.162162	0.535500	0.843099
0.050000	0.125392	0.693072	0.080635	2.162162	0.542452	0.812372
0.050000	0.125392	0.693741	0.077449	2.162162	0.524052	0.893695
0.050000	0.125392	0.687759	0.105933	2.162162	0.565252	0.711602
#epsilon,scale_full,auroc_full_noise,acc_loss_full,scale_ens,auroc_ens_noise,acc_loss_ens
0.100000	0.062696	0.697329	0.060362	1.081081	0.588809	0.607486
0.100000	0.062696	0.700981	0.042971	1.081081	0.580710	0.643279
0.100000	0.062696	0.701903	0.038581	1.081081	0.578635	0.652454
0.100000	0.062696	0.700928	0.043227	1.081081	0.577022	0.659582
0.100000	0.062696	0.706176	0.018234	1.081081	0.582321	0.636162
0.100000	0.062696	0.706825	0.015144	1.081081	0.597870	0.567436
0.100000	0.062696	0.704736	0.025091	1.081081	0.592910	0.589362
0.100000	0.062696	0.702220	0.037072	1.081081	0.585671	0.621355
0.100000	0.062696	0.705216	0.022808	1.081081	0.598224	0.565872
0.100000	0.062696	0.703640	0.030313	1.081081	0.570579	0.688059
#epsilon,scale_full,auroc_full_noise,acc_loss_full,scale_ens,auroc_ens_noise,acc_loss_ens
0.500000	0.012539	0.709737	0.001278	0.216216	0.692476	0.149301
0.500000	0.012539	0.709232	0.003684	0.216216	0.704678	0.095371
0.500000	0.012539	0.709211	0.003785	0.216216	0.700936	0.111912
0.500000	0.012539	0.710100	-0.000452	0.216216	0.697178	0.128521
0.500000	0.012539	0.709143	0.004109	0.216216	0.697070	0.128996
0.500000	0.012539	0.708837	0.005567	0.216216	0.694839	0.138857
0.500000	0.012539	0.709527	0.002281	0.216216	0.692753	0.148076
0.500000	0.012539	0.709255	0.003572	0.216216	0.705195	0.093087
0.500000	0.012539	0.708609	0.006649	0.216216	0.696580	0.131163
0.500000	0.012539	0.709646	0.001714	0.216216	0.688373	0.167436
#epsilon,scale_full,auroc_full_noise,acc_loss_full,scale_ens,auroc_ens_noise,acc_loss_ens
1.000000	0.006270	0.709475	0.002526	0.108108	0.719282	0.030824
1.000000	0.006270	0.709384	0.002960	0.108108	0.722880	0.014923
1.000000	0.006270	0.710135	-0.000617	0.108108	0.710275	0.070634
1.000000	0.006270	0.710085	-0.000379	0.108108	0.712191	0.062164
1.000000	0.006270	0.709443	0.002681	0.108108	0.718235	0.035455
1.000000	0.006270	0.709610	0.001884	0.108108	0.716187	0.044504
1.000000	0.006270	0.709869	0.000649	0.108108	0.710522	0.069544
1.000000	0.006270	0.709580	0.002024	0.108108	0.715482	0.047622
1.000000	0.006270	0.709855	0.000717	0.108108	0.712319	0.061601
1.000000	0.006270	0.710098	-0.000442	0.108108	0.714173	0.053407
#epsilon,scale_full,auroc_full_noise,acc_loss_full,scale_ens,auroc_ens_noise,acc_loss_ens
5.000000	0.001254	0.709896	0.000521	0.021622	0.725964	0.001291
5.000000	0.001254	0.710055	-0.000236	0.021622	0.726448	-0.000848
5.000000	0.001254	0.710031	-0.000122	0.021622	0.727333	-0.004758
5.000000	0.001254	0.709985	0.000097	0.021622	0.728550	-0.010138
5.000000	0.001254	0.709974	0.000149	0.021622	0.725876	0.001680
5.000000	0.001254	0.709934	0.000340	0.021622	0.724410	0.008160
5.000000	0.001254	0.709910	0.000453	0.021622	0.726704	-0.001977
5.000000	0.001254	0.709950	0.000265	0.021622	0.726956	-0.003090
5.000000	0.001254	0.709885	0.000575	0.021622	0.725594	0.002926
5.000000	0.001254	0.709943	0.000297	0.021622	0.726239	0.000079
#epsilon,scale_full,auroc_full_noise,acc_loss_full,scale_ens,auroc_ens_noise,acc_loss_ens
10.000000	0.000627	0.709977	0.000136	0.010811	0.726506	-0.001105
10.000000	0.000627	0.709990	0.000075	0.010811	0.726530	-0.001210
10.000000	0.000627	0.709916	0.000426	0.010811	0.726009	0.001095
10.000000	0.000627	0.709983	0.000106	0.010811	0.726392	-0.000598
10.000000	0.000627	0.709962	0.000210	0.010811	0.726278	-0.000097
10.000000	0.000627	0.709956	0.000236	0.010811	0.726336	-0.000353
10.000000	0.000627	0.709962	0.000206	0.010811	0.726465	-0.000920
10.000000	0.000627	0.709913	0.000442	0.010811	0.726694	-0.001932
10.000000	0.000627	0.710003	0.000015	0.010811	0.726916	-0.002916
10.000000	0.000627	0.709964	0.000198	0.010811	0.726461	-0.000902
#epsilon,scale_full,auroc_full_noise,acc_loss_full,scale_ens,auroc_ens_noise,acc_loss_ens
50.000000	0.000125	0.709986	0.000092	0.002162	0.726343	-0.000384
50.000000	0.000125	0.709990	0.000074	0.002162	0.726322	-0.000290
50.000000	0.000125	0.709998	0.000034	0.002162	0.726321	-0.000284
50.000000	0.000125	0.710003	0.000012	0.002162	0.726246	0.000048
50.000000	0.000125	0.710000	0.000026	0.002162	0.726525	-0.001189
50.000000	0.000125	0.709998	0.000036	0.002162	0.726289	-0.000144
50.000000	0.000125	0.709998	0.000037	0.002162	0.726310	-0.000238
50.000000	0.000125	0.710005	0.000001	0.002162	0.726370	-0.000500
50.000000	0.000125	0.710000	0.000029	0.002162	0.726219	0.000166
50.000000	0.000125	0.709993	0.000062	0.002162	0.726298	-0.000182
#epsilon,scale_full,auroc_full_noise,acc_loss_full,scale_ens,auroc_ens_noise,acc_loss_ens
100.000000	0.000063	0.709994	0.000055	0.001081	0.726260	-0.000014
100.000000	0.000063	0.709998	0.000037	0.001081	0.726310	-0.000235
100.000000	0.000063	0.710003	0.000014	0.001081	0.726256	0.000000
100.000000	0.000063	0.710006	0.000000	0.001081	0.726396	-0.000617
100.000000	0.000063	0.710000	0.000026	0.001081	0.726259	-0.000011
100.000000	0.000063	0.710006	-0.000004	0.001081	0.726239	0.000077
100.000000	0.000063	0.710000	0.000025	0.001081	0.726283	-0.000117
100.000000	0.000063	0.710001	0.000021	0.001081	0.726361	-0.000464
100.000000	0.000063	0.710001	0.000020	0.001081	0.726371	-0.000505
100.000000	0.000063	0.710005	0.000004	0.001081	0.726331	-0.000330
#epsilon,scale_full,auroc_full_noise,acc_loss_full,scale_ens,auroc_ens_noise,acc_loss_ens
500.000000	0.000013	0.710005	0.000001	0.000216	0.726270	-0.000059
500.000000	0.000013	0.710005	0.000002	0.000216	0.726249	0.000033
500.000000	0.000013	0.710005	0.000003	0.000216	0.726247	0.000043
500.000000	0.000013	0.710005	0.000003	0.000216	0.726294	-0.000165
500.000000	0.000013	0.710005	0.000005	0.000216	0.726247	0.000042
500.000000	0.000013	0.710005	0.000002	0.000216	0.726249	0.000031
500.000000	0.000013	0.710005	0.000003	0.000216	0.726301	-0.000196
500.000000	0.000013	0.710005	0.000004	0.000216	0.726240	0.000074
500.000000	0.000013	0.710005	0.000001	0.000216	0.726338	-0.000360
500.000000	0.000013	0.710005	0.000002	0.000216	0.726266	-0.000042
#epsilon,scale_full,auroc_full_noise,acc_loss_full,scale_ens,auroc_ens_noise,acc_loss_ens
1000.000000	0.000006	0.710005	0.000000	0.000108	0.726266	-0.000044
1000.000000	0.000006	0.710005	0.000002	0.000108	0.726255	0.000006
1000.000000	0.000006	0.710006	-0.000002	0.000108	0.726245	0.000049
1000.000000	0.000006	0.710005	0.000002	0.000108	0.726249	0.000032
1000.000000	0.000006	0.710005	0.000001	0.000108	0.726225	0.000141
1000.000000	0.000006	0.710005	0.000004	0.000108	0.726268	-0.000049
1000.000000	0.000006	0.710006	-0.000000	0.000108	0.726272	-0.000068
1000.000000	0.000006	0.710005	0.000002	0.000108	0.726217	0.000176
1000.000000	0.000006	0.710005	0.000001	0.000108	0.726214	0.000189
1000.000000	0.000006	0.710005	0.000001	0.000108	0.726275	-0.000081
#Interval: -24.250000 to -11.750000
#epsilon,scale_full,auroc_full_noise,acc_loss_full,scale_ens,auroc_ens_noise,acc_loss_ens
0.001000	6.269592	0.517669	0.907982	108.108108	0.497320	1.012429
0.001000	6.269592	0.520095	0.895347	108.108108	0.507420	0.965585
0.001000	6.269592	0.505986	0.968823	108.108108	0.506318	0.970694
0.001000	6.269592	0.529699	0.845327	108.108108	0.492823	1.033290
0.001000	6.269592	0.520181	0.894895	108.108108	0.504925	0.977156
0.001000	6.269592	0.518864	0.901756	108.108108	0.494712	1.024528
0.001000	6.269592	0.517470	0.909013	108.108108	0.503652	0.983062
0.001000	6.269592	0.524279	0.873555	108.108108	0.482732	1.080094
0.001000	6.269592	0.519692	0.897443	108.108108	0.501817	0.991572
0.001000	6.269592	0.515774	0.917847	108.108108	0.494863	1.023825
#epsilon,scale_full,auroc_full_noise,acc_loss_full,scale_ens,auroc_ens_noise,acc_loss_ens
0.005000	1.253918	0.567514	0.648386	21.621622	0.511817	0.945190
0.005000	1.253918	0.573172	0.618919	21.621622	0.513956	0.935267
0.005000	1.253918	0.583680	0.564194	21.621622	0.514621	0.932182
0.005000	1.253918	0.573117	0.619204	21.621622	0.497826	1.010082
0.005000	1.253918	0.576167	0.603320	21.621622	0.515693	0.927214
0.005000	1.253918	0.578231	0.592570	21.621622	0.518609	0.913686
0.005000	1.253918	0.579236	0.587335	21.621622	0.508244	0.961760
0.005000	1.253918	0.583327	0.566031	21.621622	0.507003	0.967520
0.005000	1.253918	0.578649	0.590397	21.621622	0.514437	0.933038
0.005000	1.253918	0.570632	0.632148	21.621622	0.494008	1.027793
#epsilon,scale_full,auroc_full_noise,acc_loss_full,scale_ens,auroc_ens_noise,acc_loss_ens
0.010000	0.626959	0.611836	0.417557	10.810811	0.504826	0.977616
0.010000	0.626959	0.613567	0.408543	10.810811	0.507788	0.963878
0.010000	0.626959	0.607760	0.438783	10.810811	0.511335	0.947425
0.010000	0.626959	0.615609	0.397909	10.810811	0.500873	0.995952
0.010000	0.626959	0.618213	0.384343	10.810811	0.507716	0.964213
0.010000	0.626959	0.614265	0.404906	10.810811	0.509754	0.954758
0.010000	0.626959	0.611139	0.421184	10.810811	0.509243	0.957126
0.010000	0.626959	0.608579	0.434519	10.810811	0.512318	0.942864
0.010000	0.626959	0.611523	0.419187	10.810811	0.516074	0.925445
0.010000	0.626959	0.606495	0.445371	10.810811	0.514060	0.934785
#epsilon,scale_full,auroc_full_noise,acc_loss_full,scale_ens,auroc_ens_noise,acc_loss_ens
0.050000	0.125392	0.677577	0.075178	2.162162	0.542507	0.802841
0.050000	0.125392	0.671825	0.105134	2.162162	0.545718	0.787948
0.050000	0.125392	0.675126	0.087940	2.162162	0.551306	0.762027
0.050000	0.125392	0.673812	0.094785	2.162162	0.546981	0.782088
0.050000	0.125392	0.678391	0.070937	2.162162	0.552282	0.757500
0.050000	0.125392	0.674511	0.091141	2.162162	0.550170	0.767296
0.050000	0.125392	0.674288	0.092308	2.162162	0.535872	0.833616
0.050000	0.125392	0.677171	0.077290	2.162162	0.541672	0.806713
0.050000	0.125392	0.672840	0.099845	2.162162	0.539972	0.814596
0.050000	0.125392	0.674483	0.091290	2.162162	0.539797	0.815410
#epsilon,scale_full,auroc_full_noise,acc_loss_full,scale_ens,auroc_ens_noise,acc_loss_ens
0.100000	0.062696	0.684558	0.038820	1.081081	0.582284	0.618345
0.100000	0.062696	0.684956	0.036744	1.081081	0.579353	0.631939
0.100000	0.062696	0.687897	0.021428	1.081081	0.584958	0.605938
0.100000	0.062696	0.687117	0.025494	1.081081	0.582931	0.615343
0.100000	0.062696	0.683296	0.045392	1.081081	0.586790	0.597441
0.100000	0.062696	0.686848	0.026894	1.081081	0.586398	0.599258
0.100000	0.062696	0.687077	0.025699	1.081081	0.572115	0.665509
0.100000	0.062696	0.684125	0.041074	1.081081	0.588462	0.589685
0.100000	0.062696	0.684411	0.039586	1.081081	0.561022	0.716964
0.100000	0.062696	0.685943	0.031607	1.081081	0.581882	0.620208
#epsilon,scale_full,auroc_full_noise,acc_loss_full,scale_ens,auroc_ens_noise,acc_loss_ens
0.500000	0.012539	0.691368	0.003355	0.216216	0.687829	0.128795
0.500000	0.012539	0.691598	0.002157	0.216216	0.686873	0.133229
0.500000	0.012539	0.691627	0.002004	0.216216	0.687532	0.130173
0.500000	0.012539	0.691427	0.003046	0.216216	0.684011	0.146505
0.500000	0.012539	0.691561	0.002350	0.216216	0.690119	0.118173
0.500000	0.012539	0.691231	0.004064	0.216216	0.683773	0.147609
0.500000	0.012539	0.691805	0.001075	0.216216	0.684468	0.144385
0.500000	0.012539	0.691871	0.000730	0.216216	0.689441	0.121315
0.500000	0.012539	0.691821	0.000994	0.216216	0.681078	0.160105
0.500000	0.012539	0.691236	0.004038	0.216216	0.693428	0.102825
#epsilon,scale_full,auroc_full_noise,acc_loss_full,scale_ens,auroc_ens_noise,acc_loss_ens
1.000000	0.006270	0.691878	0.000695	0.108108	0.705242	0.048029
1.000000	0.006270	0.691853	0.000826	0.108108	0.707704	0.036608
1.000000	0.006270	0.691826	0.000967	0.108108	0.707740	0.036442
1.000000	0.006270	0.691633	0.001971	0.108108	0.704334	0.052238
1.000000	0.006270	0.691971	0.000210	0.108108	0.707962	0.035409
1.000000	0.006270	0.691887	0.000648	0.108108	0.707582	0.037174
1.000000	0.006270	0.691739	0.001420	0.108108	0.708591	0.032492
1.000000	0.006270	0.691835	0.000919	0.108108	0.705073	0.048810
1.000000	0.006270	0.691749	0.001367	0.108108	0.703362	0.056747
1.000000	0.006270	0.691345	0.003473	0.108108	0.706512	0.042138
#epsilon,scale_full,auroc_full_noise,acc_loss_full,scale_ens,auroc_ens_noise,acc_loss_ens
5.000000	0.001254	0.691960	0.000271	0.021622	0.714632	0.004473
5.000000	0.001254	0.691938	0.000385	0.021622	0.715312	0.001318
5.000000	0.001254	0.691934	0.000404	0.021622	0.715416	0.000837
5.000000	0.001254	0.691984	0.000143	0.021622	0.715148	0.002079
5.000000	0.001254	0.691974	0.000195	0.021622	0.715470	0.000585
5.000000	0.001254	0.691927	0.000439	0.021622	0.714919	0.003143
5.000000	0.001254	0.692008	0.000019	0.021622	0.715135	0.002139
5.000000	0.001254	0.691941	0.000368	0.021622	0.716196	-0.002781
5.000000	0.001254	0.691934	0.000404	0.021622	0.715792	-0.000907
5.000000	0.001254	0.691976	0.000184	0.021622	0.715834	-0.001101
#epsilon,scale_full,auroc_full_noise,acc_loss_full,scale_ens,auroc_ens_noise,acc_loss_ens
10.000000	0.000627	0.691962	0.000260	0.010811	0.715314	0.001312
10.000000	0.000627	0.691936	0.000395	0.010811	0.715786	-0.000880
10.000000	0.000627	0.691999	0.000068	0.010811	0.715767	-0.000791
10.000000	0.000627	0.691994	0.000092	0.010811	0.715686	-0.000415
10.000000	0.000627	0.691943	0.000359	0.010811	0.715410	0.000865
10.000000	0.000627	0.691975	0.000193	0.010811	0.715675	-0.000362
10.000000	0.000627	0.692011	0.000003	0.010811	0.715713	-0.000540
10.000000	0.000627	0.691978	0.000177	0.010811	0.715455	0.000655
10.000000	0.000627	0.691984	0.000143	0.010811	0.715583	0.000064
10.000000	0.000627	0.691987	0.000128	0.010811	0.715225	0.001724
#epsilon,scale_full,auroc_full_noise,acc_loss_full,scale_ens,auroc_ens_noise,acc_loss_ens
50.000000	0.000125	0.692003	0.000044	0.002162	0.715655	-0.000272
50.000000	0.000125	0.692006	0.000030	0.002162	0.715678	-0.000377
50.000000	0.000125	0.692002	0.000050	0.002162	0.715769	-0.000799
50.000000	0.000125	0.692011	0.000004	0.002162	0.715504	0.000428
50.000000	0.000125	0.692009	0.000015	0.002162	0.715623	-0.000122
50.000000	0.000125	0.692008	0.000019	0.002162	0.715548	0.000224
50.000000	0.000125	0.692007	0.000022	0.002162	0.715522	0.000347
50.000000	0.000125	0.692010	0.000008	0.002162	0.715682	-0.000399
50.000000	0.000125	0.692012	0.000001	0.002162	0.715728	-0.000610
50.000000	0.000125	0.692006	0.000030	0.002162	0.715581	0.000073
#epsilon,scale_full,auroc_full_noise,acc_loss_full,scale_ens,auroc_ens_noise,acc_loss_ens
100.000000	0.000063	0.692011	0.000003	0.001081	0.715643	-0.000215
100.000000	0.000063	0.692006	0.000028	0.001081	0.715622	-0.000119
100.000000	0.000063	0.692013	-0.000009	0.001081	0.715674	-0.000358
100.000000	0.000063	0.692008	0.000019	0.001081	0.715557	0.000182
100.000000	0.000063	0.692009	0.000016	0.001081	0.715541	0.000259
100.000000	0.000063	0.692005	0.000037	0.001081	0.715706	-0.000510
100.000000	0.000063	0.692004	0.000040	0.001081	0.715590	0.000030
100.000000	0.000063	0.692011	0.000003	0.001081	0.715614	-0.000083
100.000000	0.000063	0.692007	0.000025	0.001081	0.715634	-0.000175
100.000000	0.000063	0.692010	0.000008	0.001081	0.715671	-0.000347
#epsilon,scale_full,auroc_full_noise,acc_loss_full,scale_ens,auroc_ens_noise,acc_loss_ens
500.000000	0.000013	0.692012	-0.000000	0.000216	0.715617	-0.000095
500.000000	0.000013	0.692012	0.000001	0.000216	0.715601	-0.000019
500.000000	0.000013	0.692012	-0.000003	0.000216	0.715574	0.000107
500.000000	0.000013	0.692011	0.000004	0.000216	0.715595	0.000005
500.000000	0.000013	0.692011	0.000002	0.000216	0.715599	-0.000014
500.000000	0.000013	0.692012	0.000001	0.000216	0.715599	-0.000010
500.000000	0.000013	0.692012	-0.000003	0.000216	0.715652	-0.000258
500.000000	0.000013	0.692011	0.000001	0.000216	0.715589	0.000035
500.000000	0.000013	0.692011	0.000002	0.000216	0.715623	-0.000122
500.000000	0.000013	0.692011	0.000004	0.000216	0.715601	-0.000020
#epsilon,scale_full,auroc_full_noise,acc_loss_full,scale_ens,auroc_ens_noise,acc_loss_ens
1000.000000	0.000006	0.692012	0.000000	0.000108	0.715562	0.000161
1000.000000	0.000006	0.692012	0.000000	0.000108	0.715555	0.000191
1000.000000	0.000006	0.692012	-0.000000	0.000108	0.715587	0.000043
1000.000000	0.000006	0.692012	0.000000	0.000108	0.715590	0.000028
1000.000000	0.000006	0.692011	0.000001	0.000108	0.715620	-0.000109
1000.000000	0.000006	0.692012	-0.000001	0.000108	0.715596	0.000003
1000.000000	0.000006	0.692011	0.000001	0.000108	0.715578	0.000086
1000.000000	0.000006	0.692012	0.000001	0.000108	0.715590	0.000032
1000.000000	0.000006	0.692011	0.000002	0.000108	0.715592	0.000022
1000.000000	0.000006	0.692011	0.000001	0.000108	0.715540	0.000262
